31.259766
30.937500
30.937500
30.615234
30.615234
30.615234
30.615234
30.292969
30.292969
30.292969
30.292969
30.292969
29.970703
29.970703
29.970703
29.648437
29.648437
29.648437
29.970703
29.648437
29.648437
29.326172
29.326172
29.326172
29.003906
29.003906
29.326172
29.003906
29.003906
29.003906
29.003906
29.003906
28.681641
28.681641
28.681641
28.681641
28.681641
28.681641
28.681641
28.359375
28.037109
28.037109
27.714844
28.037109
28.037109
27.714844
28.037109
28.037109
28.037109
27.714844
28.037109
28.037109
27.714844
27.714844
28.037109
27.714844
27.714844
